Specimen Step M D I T Field
TR-07A32 m0 15.97 108.4 36.7 400 82.0
TR-07A32 m1 25.55 75.8 26.9 400 82.0
TR-07A32 m2 8.158 280.2 -67.9 400 82.0
TR-07A32 m3 21.32 99.4 40.6 400 82.0
TR-07A32 m4 21.42 104.0 38.6 400 82.0
TR-03A33 m0 24.79 260.6 10.9 400 40.9
TR-03A33 m1 21.09 264.7 7.9 400 40.9
TR-03A33 m2 5.285 254.7 -14.1 400 40.9
TR-03A33 m3 18.95 262.5 9.1 400 40.9
TR-03A33 m4 18.77 262.2 5.8 400 40.9
TR-08A34 m0 63.98 330.6 77.3 350 50.4
TR-08A34 m1 61.39 327.9 83.9 350 50.4
TR-08A34 m2 32.88 350.1 68.2 350 50.4
TR-08A34 m3 60.1 337.3 79.2 350 50.4
TR-08A34 m4 59.61 329.2 78.3 350 50.4
TR-08A32 m0 53.54 288.2 84.2 350 31.6
TR-08A32 m1 46.89 207.2 84.3 350 31.6
TR-08A32 m2 30.57 320.7 83.7 350 31.6
TR-08A32 m3 44.75 194.0 80.8 350 31.6
TR-08A32 m4 44.44 247.1 86.6 350 31.6
TR-04A24 m0 15.92 273.8 68.2 350 50.4
TR-04A24 m1 16.06 274.2 61.7 350 50.4
TR-04A24 m2 5.767 286.9 41.6 350 50.4
TR-04A24 m3 15.35 281.2 60.9 350 50.4
TR-04A24 m4 15.09 275.8 63.1 350 50.4
TR-04A23 m0 15.34 250.8 71.6 350 31.6
TR-04A23 m1 12.91 265.6 63.6 350 31.6
TR-04A23 m2 6.308 272.2 56.2 350 31.6
TR-04A23 m3 11.97 272.0 68.4 350 31.6
TR-04A23 m4 11.32 262.6 69.0 350 31.6
TR-08A43 m0 66.2 89.9 87.1 350 91.5
TR-08A43 m1 75.76 65.8 87.9 350 91.5
TR-08A43 m2 26.67 137.7 74.4 350 91.5
TR-08A43 m3 70.92 357.4 88.2 350 91.5
TR-08A43 m4 71.35 168.0 85.8 350 91.5
TR-04A32 m0 14.52 258.2 75.7 350 91.5
TR-04A32 m1 20.22 247.4 67.0 350 91.5
TR-04A32 m2 1.695 219.0 57.5 350 91.5
TR-04A32 m3 18.81 254.2 75.1 350 91.5
TR-04A32 m4 19.52 223.1 73.5 350 91.5
TR-08A42 m0 51.7 76.7 88.6 350 72.5
TR-08A42 m1 53.97 127.8 83.5 350 72.5
TR-08A42 m2 22.05 184.1 76.9 350 72.5
TR-08A42 m3 50.01 152.2 77.1 350 72.5
TR-08A42 m4 49.4 138.5 83.8 350 72.5
TR-04A31 m0 28.13 232.5 79.3 350 72.5
TR-04A31 m1 33.77 233.2 70.7 350 72.5
TR-04A31 m2 11.78 237.3 78.9 350 72.5
TR-04A31 m3 31.82 208.8 75.4 350 72.5
TR-04A31 m4 32.02 253.5 72.8 350 72.5
TR-01A32 m0 19.96 199.4 -65.3 350 41.0
TR-01A32 m1 19.53 213.0 -64.7 350 41.0
TR-01A32 m2 13.24 213.0 -69.2 350 41.0
TR-01A32 m3 18.99 197.2 -67.3 350 41.0
TR-01A32 m4 19.07 204.6 -66.9 350 41.0
TR-03A24 m0 33.01 262.8 4.5 350 41.0
TR-03A24 m1 30.07 265.2 2.0 350 41.0
TR-03A24 m2 7.221 263.4 -0.9 350 41.0
TR-03A24 m3 27.2 267.2 1.1 350 41.0
TR-03A24 m4 26.88 267.8 3.5 350 41.0
TR-07A33 m0 15.95 91.5 43.9 350 41.0
TR-07A33 m1 15.71 84.3 38.8 350 41.0
TR-07A33 m2 3.459 156.5 42.5 350 41.0
TR-07A33 m3 14.56 79.2 42.6 350 41.0
TR-07A33 m4 15.06 82.3 32.3 350 41.0
TR-08A22 m0 176.7 298.5 72.5 350 41.0
TR-08A22 m1 150.9 303.7 72.0 350 41.0
TR-08A22 m2 78.02 295.4 70.4 350 41.0
TR-08A22 m3 141.5 294.0 70.7 350 41.0
TR-08A22 m4 140.3 288.7 71.5 350 41.0
TR-01A33 m0 18.89 188.2 -67.6 350 60.0
TR-01A33 m1 19.43 195.1 -73.2 350 60.0
TR-01A33 m2 10.39 181.8 -68.9 350 60.0
TR-01A33 m3 19.2 201.9 -71.6 350 60.0
TR-01A33 m4 19.26 197.3 -70.9 350 60.0
TR-03A31 m0 21.16 263.4 4.8 350 60.0
TR-03A31 m1 23.18 265.1 4.9 350 60.0
TR-03A31 m2 4.927 266.7 -3.6 350 60.0
TR-03A31 m3 21.2 265.9 0.6 350 60.0
TR-03A31 m4 21.1 266.9 3.5 350 60.0
TR-07A34 m0 15.45 80.6 38.1 350 60.0
TR-07A34 m1 19.14 69.2 40.7 350 60.0
TR-07A34 m2 4.408 189.6 -13.0 350 60.0
TR-07A34 m3 17.79 73.6 41.0 350 60.0
TR-07A34 m4 17.67 62.5 41.3 350 60.0
TR-08A23 m0 97.4 313.4 75.3 350 60.0
TR-08A23 m1 95.39 308.7 71.2 350 60.0
TR-08A23 m2 28.92 329.0 64.9 350 60.0
TR-08A23 m3 88.6 294.7 72.7 350 60.0
TR-08A23 m4 88.97 311.5 70.5 350 60.0
TR-01A34 m0 18.24 185.2 -74.0 350 82.0
TR-01A34 m1 20.34 177.3 -74.1 350 82.0
TR-01A34 m2 8.407 242.8 -77.9 350 82.0
TR-01A34 m3 20.06 183.4 -76.4 350 82.0
TR-01A34 m4 20.09 170.0 -71.4 350 82.0
TR-03A32 m0 19.61 261.2 3.5 350 82.0
TR-03A32 m1 24.13 264.0 3.0 350 82.0
TR-03A32 m2 4.032 265.0 -2.7 350 82.0
TR-03A32 m3 22.6 264.2 1.9 350 82.0
TR-03A32 m4 22.6 263.9 4.2 350 82.0
TR-07A31 m0 22.65 123.3 33.2 350 82.0
TR-07A31 m1 30.28 129.5 36.1 350 82.0
TR-07A31 m2 3.883 79.3 -54.7 350 82.0
TR-07A31 m3 28.38 130.6 35.6 350 82.0
TR-07A31 m4 28.18 134.7 38.1 350 82.0
TR-08A31 m0 50.3 198.3 80.6 350 82.0
TR-08A31 m1 54.91 180.5 74.1 350 82.0
TR-08A31 m2 17.9 300.8 71.2 350 82.0
TR-08A31 m3 49.36 204.1 74.4 350 82.0
TR-08A31 m4 49.54 202.4 78.2 350 82.0

